-0.0908809
-0.089445
-0.0856238
-0.0815549
-0.085946
-0.0834282
-0.083603
-0.0851189
-0.0803805
-0.0800693
-0.0807189
-0.0788021
-0.0773237
-0.077301
-0.0765939
-0.0740926
-0.0762934
-0.0747542
-0.0728834
-0.0765898
-0.0727029
-0.0773105
-0.0737213
-0.0717818
-0.0709301
-0.073391
-0.0723513
-0.0699833
-0.0705306
-0.0703624
-0.0712943
-0.0687891
-0.0704346
-0.0690724
-0.0675128
-0.0679194
-0.0700901
-0.0692334
-0.0677228
-0.0691512
-0.0704247
-0.0680208
-0.0694794
-0.0684089
-0.0642505
-0.0659424
-0.0676146
-0.0692977
-0.0639377
-0.06791
-0.069248
-0.0646461
-0.0654481
-0.0654998
-0.0673762
-0.0663498
-0.0679297
-0.0675369
-0.0679863
-0.0706028
-0.07033
-0.0686837
-0.067471
-0.0685648
-0.0673673
-0.0660851
-0.0665369
-0.0659235
-0.0674052
-0.0667835
-0.0683724
-0.0691173
-0.0675463
-0.0668859
-0.0677976
-0.0698082
-0.0694299
-0.0664697
-0.0698223
-0.0682727
-0.0697962
-0.0648372
-0.0690382
-0.0713717
-0.0704702
-0.0688952
-0.067235
-0.0670211
-0.0703052
-0.0696998
-0.0696684
-0.0670164
-0.071241
-0.0723444
-0.0685767
-0.0660956
-0.0728761
-0.0677266
-0.0684891
-0.0729479
-0.0675752
-0.069432
-0.0662573
-0.0704997
-0.0682282
-0.0658846
-0.0696923
-0.0672444
-0.0669961
-0.0693927
-0.0718132
-0.0655168
-0.0678109
-0.0684509
-0.0688393
-0.0686348
-0.0722
-0.0730329
-0.0699208
-0.0707076
-0.0722344
-0.0708552
-0.0722311
-0.0762846
-0.0762105
-0.0762026
-0.0739744
-0.075018
-0.0753509
-0.0766185
-0.0773659
-0.0775958
-0.0795783
-0.0799989
-0.0817859
-0.0819213
-0.081505
-0.080649
-0.083147
-0.0837538
-0.0829826
-0.0822014
-0.082721
-0.0814438
-0.0866195
-0.087468
-0.0845079
-0.085311
-0.0893641
-0.0926403
-0.0909252
-0.0878026
-0.0903909
-0.095016
-0.0922197
-0.0952174
-0.0953651
-0.09512
-0.0967826
-0.0980588
-0.0946706
-0.098629
-0.0976996
-0.0972785
-0.0959588
-0.0954315
-0.0919254
-0.0949875
-0.0927631
-0.0947428
-0.0899355
-0.0892585
-0.0913579
-0.0928584
-0.0873947
-0.0878524
-0.0873538
-0.088185
-0.0883941
-0.0856888
-0.083644
-0.0845325
-0.0848432
-0.0801753
-0.0836097
-0.08602
-0.0840837
-0.0822729
-0.0829983
-0.0789953
-0.080509
-0.0806674
-0.0771332
-0.0757826
-0.0786297
-0.0732912
-0.0759983
-0.0739478
-0.0721273
-0.0749487
-0.0738135
-0.0739931
-0.0731149
-0.0752091
-0.0721665
-0.0711278
-0.0661668
-0.0701586
-0.0651978
-0.0642824
-0.0678963
-0.0655441
-0.0675236
-0.065707
-0.0682636
-0.0666329
-0.0644863
-0.0663415
-0.06634
-0.0642946
-0.0662483
-0.0680539
-0.0645264
-0.0688368
-0.0662543
-0.0666936
-0.0653403
-0.0677478
-0.0665795
-0.0680447
-0.067744
-0.0655532
-0.0652496
-0.0656034
-0.0692345
-0.0689321
-0.064209
-0.0675178
-0.0681811
-0.0662803
-0.0676543
-0.0642118
-0.0671719
-0.0638106
-0.0637181
-0.0646585
-0.0691578
-0.067499
-0.067493
-0.0623824
-0.0616978
-0.0616089
-0.0638146
-0.0629001
-0.0624794
-0.0624651
-0.0651237
-0.0643408
-0.0636789
-0.0642043
-0.0618798
-0.0655036
-0.0667262
-0.0624554
-0.066268
-0.0637526
-0.0631614
-0.0640147
-0.063105
-0.0646852
-0.0647241
-0.0650317
-0.0650605
-0.0652292
-0.0656604
-0.0652668
-0.0619361
-0.0617348
-0.0580456
-0.0631761
-0.0663306
-0.0620716
-0.0596527
-0.058601
-0.0644879
-0.0617411
-0.0642892
-0.0622184
-0.0631594
-0.0618376
-0.0615852
-0.0675836
-0.0652651
-0.0655585
-0.0638333
-0.0651209
-0.0680695
-0.0671167
-0.0655472
-0.064526
-0.0697781
-0.0656929
-0.0686796
-0.0716054
-0.0683525
-0.0728636
-0.0720504
-0.0664424
-0.0708061
-0.0712766
-0.0725665
-0.072456
-0.075972
-0.0746958
-0.0727299
-0.0738294
-0.0751816
-0.0768762
-0.0739449
-0.0725437
-0.0718236
-0.0766381
-0.0782521
-0.0755431
-0.0770866
-0.0785675
-0.0773637
-0.0788035
-0.0772119
-0.0784188
-0.0829402
-0.0822531
-0.0782085
-0.0792784
-0.0810242
-0.0788893
-0.0790857
-0.0767019
-0.0802309
-0.079194
-0.0765615
-0.08115
-0.0769966
-0.0778159
-0.0813947
-0.0794214
-0.0757462
-0.0771499
-0.0783437
-0.0738833
-0.0785531
-0.0775295
-0.0749523
-0.0733941
-0.0770579
-0.0724073
-0.0702456
-0.0730769
-0.0741912
-0.0696212
-0.0755209
-0.0727779
-0.0680038
-0.0706081
-0.072096
-0.0698568
-0.0718488
-0.0710697
-0.0716883
-0.0731502
-0.0704905
-0.0685807
-0.0700375
-0.0687382
-0.0701103
-0.066126
-0.0684881
-0.0662781
-0.0696834
-0.0668771
-0.0663856
-0.0674767
-0.0644999
-0.0680861
-0.0641734
-0.0680697
-0.0662489
-0.0656264
-0.0670993
-0.0651518
-0.066297
-0.0640822
-0.0664058
-0.060216
-0.0671771
-0.0642795
-0.0599993
-0.0645484
-0.0631352
-0.0623676
-0.0590444
-0.0624552
-0.0656157
-0.0646833
-0.0605504
-0.0604701
-0.0591688
-0.0635239
-0.0634538
-0.0669657
-0.0642162
-0.0607896
-0.0665672
-0.0640208
-0.0629943
-0.0633854
-0.0615666
-0.0645868
-0.0616363
-0.0643814
-0.0647299
-0.0655561
-0.0614736
-0.0642127
-0.0647673
-0.0652483
-0.0613987
-0.0657572
-0.0639936
-0.0605299
-0.0620318
-0.061185
-0.061473
-0.0638458
-0.0595133
-0.0631311
-0.0650142
-0.0610537
-0.0608133
-0.0647903
-0.0605832
-0.061537
-0.0633542
-0.0633403
-0.0635689
-0.0612711
-0.0601497
-0.0613639
-0.0599711
-0.0614211
-0.0595247
-0.0626866
-0.0632233
-0.0642498
-0.0645361
-0.0618396
-0.0626534
-0.0580967
-0.0574071
-0.0607888
-0.0633306
-0.060603
-0.0600793
-0.062485
-0.0619132
-0.0657071
-0.0635143
-0.0631901
-0.0637729
-0.0626152
-0.0651353
-0.0655723
-0.0638821
-0.063385
-0.0631794
-0.0671331
-0.0671543
-0.0680065
-0.065293
-0.0674325
-0.068333
-0.0660323
-0.0661434
-0.0714326
-0.0662821
-0.0698821
-0.0724539
-0.0757795
-0.0729977
-0.0706652
-0.0725426
-0.0765688
-0.0725105
-0.0755978
-0.0722043
-0.0779675
-0.0782558
-0.0806632
-0.0763805
-0.0768725
-0.0802766
-0.0791647
-0.0831139
-0.0810757
-0.0788855
-0.0811633
-0.083801
-0.0813946
-0.0785382
-0.082053
-0.0844634
-0.0858122
-0.0841952
-0.0800512
-0.0812983
-0.0859983
-0.0858955
-0.0804932
-0.0841393
-0.0836081
-0.0849456
-0.0829212
-0.0817139
-0.0829218
-0.08228
-0.0848523
-0.078936
-0.0803115
-0.0811819
-0.0826705
-0.0783387
-0.0801792
-0.0809891
-0.0788223
-0.0783155
-0.0800993
-0.0794313
-0.0779457
-0.0760502
-0.0767382
-0.076074
-0.0762329
-0.074168
-0.0775359
-0.0734376
-0.0729013
-0.0720028
-0.0713588
-0.0720358
-0.0707273
-0.0671472
-0.069351
-0.0720779
-0.0690652
-0.0684422
-0.0687441
-0.0669994
-0.0638225
-0.0635389
-0.0648159
-0.0646856
-0.0656851
-0.0657709
-0.0636968
-0.0655964
-0.0663595
-0.0655252
-0.0686058
-0.0650442
-0.0673964
-0.0661255
-0.0672744
-0.0625491
-0.0641291
-0.0643899
-0.0646051
-0.0635998
-0.0659231
-0.0650316
-0.0648866
-0.0631903
-0.0631724
-0.0614409
-0.0615454
-0.0643153
-0.0671311
-0.0639886
-0.0598733
-0.0677277
-0.0654191
-0.0625153
-0.0636466
-0.0604041
-0.0675436
-0.0615664
-0.0633562
-0.0626291
-0.0637738
-0.0639343
-0.0591778
-0.0643003
-0.0602807
-0.0620008
-0.0600971
-0.0676881
-0.0638857
-0.0626195
-0.0674151
-0.0618253
-0.06169
-0.0605738
-0.0642317
-0.0657032
-0.06221
-0.0631031
-0.0609773
-0.0637074
-0.0613921
-0.0619781
-0.0616914
-0.06287
-0.0598628
-0.0643461
-0.0599838
-0.0629134
-0.0633913
-0.0606891
-0.062447
-0.0577958
-0.062403
-0.0582496
-0.05994
-0.0608132
-0.0627326
-0.0619702
-0.0611485
-0.0611702
-0.0618335
-0.0626744
-0.06067
-0.0623643
-0.0619861
-0.0587704
-0.0612128
-0.0605233
-0.0632249
-0.0604363
-0.062219
-0.0587849
-0.0596268
-0.0577717
-0.0624397
-0.0626532
-0.0586184
-0.0603756
-0.0625602
-0.0605943
-0.0584822
-0.0608397
-0.0613107
-0.0621449
-0.0613075
-0.0614283
-0.0599947
-0.0603922
-0.0590215
-0.0654686
-0.0618354
-0.0607156
-0.0631068
-0.0637949
-0.0637871
-0.0660346
-0.0657299
-0.062679
-0.0664483
-0.0676274
-0.065045
-0.0668648
-0.0683292
-0.0688931
-0.0683189
-0.0645656
-0.0666476
-0.0720287
-0.0710996
-0.0747478
-0.0740423
-0.0696321
-0.07183
-0.069289
-0.069549
-0.0724804
-0.0727345
-0.0761762
-0.0754703
-0.0757784
-0.0741739
-0.0743208
-0.0771543
-0.0743054
-0.0786973
-0.0781729
-0.0767134
-0.0742007
-0.075964
-0.0765984
-0.0778472
-0.0748651
-0.0715424
-0.0731095
-0.0715188
-0.0749586
-0.0707716
-0.0730764
-0.07405
-0.0745235
-0.071761
-0.0758063
-0.0708009
-0.0719578
-0.0706082
-0.07006
-0.0710744
-0.0660639
-0.0668207
-0.0668079
-0.064769
-0.0686253
-0.0675376
-0.0675636
-0.0662293
-0.0662324
-0.0643802
-0.0643966
-0.062668
-0.0609185
-0.0641804
-0.0619618
-0.0645894
-0.0625321
-0.0623788
-0.0624456
-0.0603336
-0.0631423
-0.0652989
-0.0658676
-0.0615878
-0.0622507
-0.0630117
-0.0614194
-0.0606246
-0.0638513
-0.0615102
-0.061556
-0.061068
-0.0657545
-0.0664686
-0.0627095
-0.0611128
-0.0579503
-0.0614919
-0.0622979
-0.0583616
-0.0636115
-0.0586074
-0.05697
-0.0616526
-0.060225
-0.062817
-0.0636245
-0.0592179
-0.0614719
-0.0582728
-0.0623389
-0.0612833
-0.0600235
-0.0620048
-0.0618487
-0.0592147
-0.0589228
-0.0572716
-0.0593098
-0.060366
-0.0597193
-0.065046
-0.0591047
-0.0638916
-0.0637457
-0.0638642
-0.0591075
-0.0587694
-0.0656754
-0.0587307
-0.060107
-0.0586504
-0.0610748
-0.0593791
-0.0582206
-0.060091
-0.0585232
-0.0582844
-0.0587639
-0.0592716
-0.0552632
-0.0602866
-0.0582827
-0.0612715
-0.0577902
-0.0589795
-0.0585181
-0.0590554
-0.0585154
-0.0631192
-0.0604973
-0.0637291
-0.0583947
-0.0610065
-0.0584732
-0.0601171
-0.0636489
-0.0613487
-0.0587251
-0.0625294
-0.0664853
-0.058066
-0.0643827
-0.0612983
-0.0671269
-0.0639227
-0.0639145
-0.0638799
-0.0704796
-0.0689972
-0.0679135
-0.0647509
-0.0633722
-0.0650785
-0.0646323
-0.0679292
-0.0686404
-0.0649902
-0.0672517
-0.0687255
-0.0732243
-0.0690479
-0.0656016
-0.0679933
-0.0709167
-0.0710513
-0.0696778
-0.0705613
-0.0687802
-0.0670945
-0.0671475
-0.0674248
-0.0676536
-0.068037
-0.0685045
-0.0690278
-0.070151
-0.0712765
-0.0678618
-0.0665024
-0.0684046
-0.066536
-0.0644083
-0.0655916
-0.0718521
-0.0618681
-0.0624663
-0.0585963
-0.0632157
-0.0611929
-0.0614391
-0.0613808
-0.0637547
-0.0596094
-0.0598474
-0.0594074
-0.0577835
-0.0616601
-0.0565185
-0.0580363
-0.0593931
-0.0591144
-0.0609008
-0.0581005
-0.0592017
-0.0597405
-0.059203
-0.0580413
-0.0584279
-0.0604447
-0.0597635
-0.0584698
-0.0565725
-0.0583405
-0.058801
-0.0541164
-0.0567715
-0.0576026
-0.063857
-0.0637262
-0.0610158
-0.0587651
-0.0605809
-0.0624974
-0.0582649
-0.0596495
-0.0599794
-0.0597197
-0.055988
-0.0577806
-0.0572178
-0.0601921
-0.0575984
-0.0554635
-0.0595949
-0.0598154
-0.0609445
-0.0571653
-0.0606853
-0.0545843
-0.0592061
-0.0607747
-0.0550443
-0.0577138
-0.0578682
-0.0603288
-0.0614439
-0.0573713
-0.0590133
-0.0596597
-0.0553924
-0.0609273
-0.0592613
-0.0589153
-0.05464
-0.0616547
-0.0580225
-0.0591108
-0.0535052
-0.059603
-0.0563255
-0.059962
-0.0580453
-0.057264
-0.0576491
-0.0591556
-0.0573783
-0.0579426
-0.0571817
-0.0563564
-0.0575062
-0.0555324
-0.0559645
-0.0568539
-0.0590321
-0.0589838
-0.0574235
-0.0575342
-0.0607067
-0.0566913
-0.0603986
-0.0559067
-0.0576412
-0.0573078
-0.0541409
-0.0543396
-0.0543909
-0.0552267
-0.0583528
-0.0596899
-0.0565344
-0.055241
-0.0544721
-0.0601375
-0.060521
-0.0611272
-0.0596493
-0.0595332
-0.0541868
-0.0597472
-0.0556093
-0.0604759
-0.0590422
-0.0588997
-0.0585814
-0.0614345
-0.0591552
-0.0588506
-0.0591896
-0.0605134
-0.0600348
-0.0613669
-0.0635094
-0.0601228
-0.0633702
-0.064067
-0.0634528
-0.0659139
-0.0661461
-0.0623206
-0.0640802
-0.0638403
-0.0666592
-0.0673576
-0.0669897
-0.0661495
-0.0694539
-0.0686058
-0.0677579
-0.0705116
-0.0700963
-0.0676523
-0.0707903
-0.0695266
-0.0707364
-0.0754406
-0.0737649
-0.0723766
-0.0712273
-0.0721426
-0.0707648
-0.0742871
-0.0704013
-0.0692942
-0.0723353
-0.0729595
-0.072278
-0.0655633
-0.0695705
-0.0661007
-0.0683364
-0.0684159
-0.0696057
-0.0661666
-0.0701691
-0.0673527
-0.0663447
-0.0702251
-0.0688864
-0.0680686
-0.0647448
-0.0665139
-0.0640967
-0.0615923
-0.0673661
-0.0609993
-0.063037
-0.0634658
-0.0651899
-0.0625964
-0.0609582
-0.0655465
-0.0622681
-0.0647669
-0.06038
-0.0658446
-0.0590501
-0.0612492
-0.0599509
-0.0617847
-0.0596553
-0.0627062
-0.0611593
-0.0625295
-0.0634866
-0.0632584
-0.0580066
-0.0585967
-0.060701
-0.0613096
-0.0593521
-0.0568971
-0.0598162
-0.0595243
-0.0575142
-0.0576354
-0.0595767
-0.0596591
-0.0600611
-0.0601728
-0.058633
-0.0624311
-0.0536007
-0.0591717
-0.0566391
-0.0593774
-0.0595674
-0.0612987
-0.060126
-0.0596744
-0.0557511
-0.0569815
-0.062119
-0.0580609
-0.0582993
-0.0585433
-0.0548404
-0.0550019
-0.0607181
-0.0559447
-0.0566478
-0.0566656
-0.0547073
-0.0564033
-0.0533692
-0.0560244
-0.0538908
-0.060038
-0.0570363
-0.062178
-0.056081
-0.0570866
-0.0580396
-0.0544136
-0.0579906
-0.0601025
-0.0559367
-0.0590157
-0.0593402
-0.057639
-0.054949
-0.0542071
-0.0575535
-0.0591716
-0.0595984
-0.0587835
-0.0583607
-0.0575186
-0.0593036
-0.0541209
-0.0550675
-0.0587207
-0.0575372
-0.0603212
-0.0597558
-0.0612525
-0.0594982
-0.0615859
-0.0590066
-0.0637766
-0.0608244
-0.0619778
-0.062752
-0.0575759
-0.0603651
-0.0604635
-0.0608165
-0.0613243
-0.0631123
-0.0629055
-0.0651693
-0.0641282
-0.0687517
-0.0641144
-0.0668018
-0.0635671
-0.0596971
-0.0661088
-0.0660498
-0.0662073
-0.0616236
-0.0679502
-0.0683328
-0.0653809
-0.0693364
-0.0731166
-0.0726749
-0.0696091
-0.0714339
-0.0715328
-0.0656515
-0.0697745
-0.0709491
-0.0698971
-0.0663789
-0.0708534
-0.0686202
-0.0708074
-0.0673116
-0.0617823
-0.0676989
-0.0698955
-0.0644648
-0.0662555
-0.0660051
-0.0684179
-0.0680606
-0.0664602
-0.0672696
-0.0663471
-0.0676489
-0.0634333
-0.0629227
-0.0629268
-0.0613016
-0.0649441
-0.0636918
-0.0647958
-0.0633624
-0.0614579
-0.0616962
-0.0591183
-0.0645599
-0.05805
-0.0619589
-0.0596861
-0.0607552
-0.061048
-0.0599598
-0.0593956
-0.0598862
-0.0606112
-0.0595719
-0.0605348
-0.0588745
-0.0575816
-0.0598019
-0.0640118
-0.0567559
-0.0626317
-0.0626713
-0.0601768
-0.0620059
-0.0579365
-0.0593935
-0.057941
-0.0570016
-0.0611886
-0.0588855
-0.0594344
-0.0551556
-0.0581183
-0.0614204
-0.0615129
-0.0576151
-0.0569242
-0.060334
-0.061343
-0.0636601
-0.0608312
-0.0611186
-0.0582024
-0.056714
-0.0623766
-0.0570489
-0.0571654
-0.0605959
-0.0629744
-0.0587358
-0.0585951
-0.0566523
-0.0608516
-0.0566852
-0.0616538
-0.0584929
-0.0628007
-0.0602315
-0.0572588
-0.0552958
-0.0571247
-0.0591162
-0.0585268
-0.0567371
-0.0556764
-0.056066
-0.0576443
-0.0555022
-0.0593616
-0.0575941
-0.0568496
-0.0542761
-0.0600712
-0.0578273
-0.0570273
-0.0595477
-0.056983
-0.0578635
-0.0612668
-0.0595372
-0.0646584
-0.0612275
-0.0583273
-0.0605418
-0.0595673
-0.0572679
-0.0586608
-0.0603489
-0.059377
-0.0625627
-0.0654822
-0.0626244
-0.0628803
-0.0650092
-0.0645603
-0.0646364
-0.0655758
-0.0660583
-0.0650074
-0.0581085
-0.0644256
-0.0649325
-0.0638307
-0.0669358
-0.0656215
-0.0656308
-0.0649597
-0.0680149
-0.0678152
-0.0662508
-0.0665464
-0.0698321
-0.0691425
-0.0715414
-0.0727988
-0.0712418
-0.0719588
-0.0722125
-0.0748841
-0.075317
-0.0737884
-0.0724786
-0.0728287
-0.0743973
-0.0732188
-0.0752909
-0.0761544
-0.0725768
-0.0714495
-0.0684554
-0.0745758
-0.0731357
-0.072621
-0.0741786
-0.0681671
-0.0716847
-0.0704869
-0.0683229
-0.0727258
-0.0671693
-0.0672989
-0.0721803
-0.067377
-0.0699797
-0.0709738
-0.0679427
-0.0708255
-0.0702917
-0.0674958
-0.0703881
-0.066937
-0.0674639
-0.0687788
-0.0671247
-0.0670495
-0.0658227
-0.0648001
-0.0650447
-0.0602162
-0.0693193
-0.0666831
-0.065263
-0.0644443
-0.0634853
-0.0660641
-0.0639857
-0.0629198
-0.0626945
-0.0640163
-0.0652555
-0.0609682
-0.0603375
-0.0633704
-0.0617332
-0.060659
-0.0618337
-0.0605295
-0.0575219
-0.0601704
-0.0594387
-0.05984
-0.0581841
-0.0624422
-0.0594656
-0.0564306
-0.0581518
-0.0610379
-0.0621548
-0.0582274
-0.0588849
-0.0603177
-0.0564967
-0.0616874
-0.0597249
-0.0574554
-0.0574336
-0.0619721
-0.0600475
-0.0626069
-0.0569901
-0.0589997
-0.058491
-0.0586911
-0.0608023
-0.0576755
-0.0607771
-0.0569933
-0.0581845
-0.0590808
-0.061474
-0.0592564
-0.0569376
-0.0562561
-0.059602
-0.0588114
-0.0575956
-0.0542557
-0.0584788
-0.0589255
-0.0540074
-0.0597142
-0.0567231
-0.0599307
-0.0586544
-0.0541961
-0.0574352
-0.0586778
-0.0598039
-0.0600396
-0.0572765
-0.0598486
-0.0611402
-0.0582364
-0.0584722
-0.0592233
-0.0603968
-0.0577656
-0.0556781
-0.0595324
-0.0570891
-0.0563325
-0.0619963
-0.0598726
-0.0563762
-0.0588674
-0.0612334
-0.0571918
-0.0601173
-0.0588881
-0.0591718
-0.0632473
-0.0602208
-0.0617169
-0.0626854
-0.0609278
-0.0628676
-0.0602629
-0.0625764
-0.0619007
-0.0655224
-0.0669141
-0.0626624
-0.0665757
-0.0612273
-0.0666505
-0.0646434
-0.061966
-0.0627639
-0.0682111
-0.0645153
-0.068419
-0.0679532
-0.0716873
-0.0705605
-0.0728109
-0.0704646
-0.0665608
-0.0721248
-0.0742709
-0.0742511
-0.0729242
-0.0738496
-0.0763971
-0.0747488
-0.0735589
-0.0736119
-0.0716371
-0.0727932
-0.0678224
-0.0720032
-0.0735207
-0.0743326
-0.073021
-0.0721939
-0.071117
-0.0721033
-0.0698603
-0.0711383
-0.0688394
-0.0686057
-0.069016
-0.0727908
-0.0681646
-0.0678833
-0.0647889
-0.0641465
-0.0660276
-0.0671519
-0.0667122
-0.0662285
-0.0631372
-0.066754
-0.0658861
-0.0629808
-0.0622677
-0.0625067
-0.0612139
-0.0641662
-0.0630946
-0.0600198
-0.0596
-0.0627696
-0.0648618
-0.0613504
-0.0618241
-0.057981
-0.061302
-0.0565212
-0.0603554
-0.0612544
-0.0600272
-0.0623957
-0.0599363
-0.0608836
-0.05963
-0.0621083
-0.0571633
-0.0573537
-0.0590933
-0.0576123
-0.0597982
-0.0611127
-0.058747
-0.0597892
-0.0551529
-0.0597569
-0.0590267
-0.0599161
-0.0612882
-0.0610465
-0.0585483
-0.0574819
-0.0587568
-0.0573617
-0.0612632
-0.0563602
-0.0566169
-0.0592558
-0.0563367
-0.0557947
-0.0570327
-0.0607523
-0.0581631
-0.0581523
-0.0586124
-0.0567971
-0.0573366
-0.0571788
-0.0577133
-0.0592072
-0.0564989
-0.0555308
-0.0551837
-0.0588885
-0.0593558
-0.0562076
-0.0576245
-0.0554466
-0.059511
-0.0576169
-0.0575264
-0.0533748
-0.056539
-0.0583825
-0.0580239
-0.057898
-0.0602591
-0.060852
-0.0637791
-0.0562628
-0.0585879
-0.0592341
-0.0573305
-0.0577006
-0.0565522
-0.0595252
-0.0613346
-0.0578709
-0.0633349
-0.0605635
-0.0591727
-0.0652427
-0.0608942
-0.0631373
-0.0637204
-0.0606088
-0.0659858
-0.0654772
-0.066317
-0.0658499
-0.0612567
-0.0670163
-0.0643954
-0.0659697
-0.0692294
-0.0669049
-0.0664571
-0.0663172
-0.0704639
-0.0675859
-0.0687481
-0.0709568
-0.0687496
-0.0673053
-0.0692079
-0.0711734
-0.0744078
-0.0712694
-0.0727927
-0.0716972
-0.0773892
-0.0710708
-0.0726362
-0.070349
-0.0774502
-0.0728921
-0.0731354
-0.071403
-0.072428
-0.0724503
-0.0721493
-0.0709563
-0.0745935
-0.0723016
-0.0699868
-0.0692839
-0.0718995
-0.0696696
-0.0704061
-0.0693905
-0.0655783
-0.0697214
-0.0663057
-0.063708
-0.063161
-0.0675334
-0.0642135
-0.0631555
-0.0636213
-0.0619119
-0.0638012
-0.0648916
-0.0626568
-0.0671629
-0.0642782
-0.061698
-0.0624144
-0.061266
-0.0617882
-0.0608864
-0.0622655
-0.0606104
-0.0616398
-0.0616348
-0.0655004
-0.0602635
-0.0595793
-0.0590707
-0.0594016
-0.0555094
-0.0621216
-0.0596172
-0.0627692
-0.0579764
-0.0633986
-0.060593
-0.0578341
-0.0577163
-0.0544031
-0.0590335
-0.0608248
-0.0566641
-0.0590851
-0.057585
-0.0553764
-0.0588465
-0.0564373
-0.0608782
-0.0579715
-0.0604261
-0.058821
-0.0632456
-0.0603987
-0.0592463
-0.0551428
-0.0563707
-0.0614717
-0.0542768
-0.0577086
-0.0620699
-0.0592818
-0.0596637
-0.0600737
-0.0607557
-0.060271
-0.0607298
-0.0597847
-0.0610189
-0.0597167
-0.0565987
-0.0575639
-0.0570795
-0.0578705
-0.0596234
-0.0547351
-0.0556888
-0.0596445
-0.0567437
-0.0582643
-0.0593848
-0.0576423
-0.055998
-0.058245
-0.0568877
-0.0603136
-0.0591931
-0.0574273
-0.0571665
-0.0587348
-0.0572913
-0.0594916
-0.0604959
-0.063726
-0.0592896
-0.058969
-0.0629632
-0.0592403
-0.059679
-0.0630086
-0.063934
-0.0616672
-0.0644212
-0.0609887
-0.0648747
-0.0652714
-0.0644758
-0.0642381
-0.0681284
-0.0637492
-0.0641039
-0.0638919
-0.0675702
-0.0645759
-0.0681134
-0.0663515
-0.0678777
-0.0681236
-0.0709535
-0.069902
-0.0713338
-0.0670313
-0.0659995
-0.0698519
-0.0680791
-0.0693594
-0.0708086
-0.0714497
-0.0677912
-0.0669226
-0.067302
-0.0638308
-0.0683509
-0.0679497
-0.0702954
-0.0679904
-0.0690517
-0.0655506
-0.0654522
-0.0631885
-0.0708756
-0.062392
-0.062974
-0.0631719
-0.0646624
-0.0642624
-0.0624195
-0.0607131
-0.065302
-0.062849
-0.0638864
-0.0673312
-0.0623844
-0.0616871
-0.0597958
-0.0624227
-0.0589703
-0.0640164
-0.0612204
-0.0626157
-0.0590138
-0.0629939
-0.0631563
-0.0624561
-0.0604059
-0.0571622
-0.0605594
-0.0581651
-0.0571825
-0.0602373
-0.0606919
-0.0589485
-0.0624424
-0.0562939
-0.0597466
-0.0573743
-0.0601473
-0.0610864
-0.0611643
-0.0592263
-0.0627034
-0.0588355
-0.0594705
-0.0604156
-0.0589518
-0.0594206
-0.0624901
-0.0613984
-0.0591159
-0.0593315
-0.0575814
-0.0584994
-0.057875
-0.0615887
-0.0571844
-0.0576153
-0.0593426
-0.0609171
-0.0579823
-0.0572341
-0.056983
-0.0575106
-0.0601989
-0.0575479
-0.058227
-0.0583434
-0.0598367
-0.0595054
-0.0568487
-0.0577394
-0.0547423
-0.060841
-0.0560491
-0.0578562
-0.0597786
-0.0588306
-0.0582943
-0.0575202
-0.0573595
-0.062646
-0.061971
-0.0591793
-0.0584573
-0.0596735
-0.0622398
-0.0616087
-0.0593706
-0.0628782
-0.0644078
-0.0614598
-0.063139
-0.0601985
-0.0621668
-0.0634765
-0.0623213
-0.0632973
-0.0673648
-0.0678246
-0.0684915
-0.063001
-0.0663669
-0.0659735
-0.0645621
-0.0660335
-0.0673187
-0.0658244
-0.0684799
-0.0680132
-0.0686264
-0.068067
-0.0679713
-0.0706443
-0.0671848
-0.0695993
-0.0685833
-0.0682912
-0.071096
-0.0691079
-0.0713462
-0.0681668
-0.067701
-0.0671893
-0.065295
-0.0658117
-0.0666382
-0.0663837
-0.0634298
-0.0664837
-0.0635345
-0.0692875
-0.0668872
-0.065347
-0.0603728
-0.0609656
-0.0602444
-0.0638217
-0.0608145
-0.0582959
-0.0595972
-0.0578524
-0.0612227
-0.0598988
-0.0621161
-0.0602083
-0.0613439
-0.0606501
-0.0651396
-0.061113
-0.0625069
-0.0595321
-0.0609183
-0.0580929
-0.0622017
-0.061905
-0.0606539
-0.0581113
-0.057123
-0.0635556
-0.057369
-0.0612463
-0.0591426
-0.0606604
-0.0591729
-0.0594252
-0.0622562
-0.0609383
-0.0621011
-0.0601375
-0.0606197
-0.059864
-0.059131
-0.0587962
-0.0588428
-0.0560061
-0.0565126
-0.0625222
-0.0535712
-0.062709
-0.0602965
-0.060711
-0.059662
-0.0581112
-0.0583415
-0.0595814
-0.0616438
-0.0585103
-0.0593176
-0.0579961
-0.0614683
-0.0571686
-0.0569252
-0.0562011
-0.0579482
-0.0588771
-0.0600594
-0.057581
-0.060193
-0.0625068
-0.0590739
-0.0559666
-0.0579085
-0.0566937
-0.055528
-0.0548585
-0.059785
-0.054722
-0.0583702
-0.0588452
-0.0599591
-0.0593929
-0.057731
-0.054058
-0.056957
-0.054472
-0.0557968
-0.0571479
-0.0626208
-0.0611645
-0.0591685
-0.0632947
-0.0593041
-0.0582002
-0.0611156
-0.0608218
-0.0620926
-0.0625762
-0.0642355
-0.0610998
-0.061417
-0.0659619
-0.0649941
-0.0678496
-0.0683677
-0.0658812
-0.0640691
-0.0671188
-0.0662098
-0.0669829
-0.0643363
-0.0676059
-0.0678345
-0.0656882
-0.0702943
-0.0649364
-0.0691697
-0.0698383
-0.069003
-0.0688841
-0.0705199
-0.0686619
-0.0675989
-0.0677397
-0.0680697
-0.0690512
-0.0669683
-0.070855
-0.06922
-0.0695479
-0.0714549
-0.0697915
-0.0706931
-0.0653049
-0.0646545
-0.0664749
-0.0682368
-0.0686514
-0.0678554
-0.061369
-0.0623325
-0.0648719
-0.0626311
-0.0611641
-0.0673514
-0.0629466
-0.0630455
-0.0642787
-0.0641688
-0.0636373
-0.0628117
-0.0617609
-0.0618153
-0.0608194
-0.057551
-0.0629514
-0.058578
-0.0605519
-0.0610622
-0.0569826
-0.0596388
-0.0576554
-0.0618897
-0.0567655
-0.0531108
-0.0573304
-0.0595483
-0.0624189
-0.0591655
-0.0567814
-0.0567199
-0.0579176
-0.0583257
-0.0580541
-0.0580315
-0.0550431
-0.0604009
-0.058325
-0.060556
-0.0562511
-0.0558921
-0.0576788
-0.0584101
-0.0557814
-0.0590233
-0.0543586
-0.0601914
-0.0594291
-0.0569838
-0.0587289
-0.0549196
-0.0589579
-0.0543412
-0.058753
-0.0594401
-0.0594288
-0.0566743
-0.0553059
-0.0588121
-0.0568497
-0.0597407
-0.055284
-0.0561159
-0.0555682
-0.0553709
-0.0540582
-0.0592642
-0.0616892
-0.0579371
-0.0577025
-0.0574045
-0.059066
-0.0558305
-0.0567825
-0.0574075
-0.0557421
-0.0576824
-0.0568909
-0.0595441
-0.0499069
-0.0566905
-0.0532336
-0.0549566
-0.0579457
-0.0579074
-0.0564176
-0.0555126
-0.0583273
-0.050928
-0.0576788
-0.058299
-0.0566693
-0.0613672
-0.0504039
-0.0561253
-0.0528244
-0.0580566
-0.0603993
-0.0590283
-0.0605899
-0.0580493
-0.05854
-0.0594713
-0.064694
-0.0651113
-0.0608999
-0.0562125
-0.0582314
-0.0593522
-0.0592652
-0.0653924
-0.0660803
-0.0628879
-0.0644577
-0.0619048
-0.0623903
-0.0642651
-0.0642924
-0.0629237
-0.0647786
-0.0664689
-0.064562
-0.0681379
-0.0659605
-0.0692447
-0.0685297
-0.0711134
-0.0704373
-0.069226
-0.0700495
-0.0690278
-0.0725436
-0.0728789
-0.0731901
-0.0707124
-0.0741927
-0.0727904
-0.0732555
-0.0709514
-0.0689038
-0.0689743
-0.064925
-0.0715427
-0.0686768
-0.0682505
-0.0692071
-0.0663836
-0.0660167
-0.0626511
-0.0650755
-0.0698164
-0.0662372
-0.065816
-0.0641078
-0.0699426
-0.0664036
-0.0653943
-0.0644296
-0.0667641
-0.0675406
-0.0644905
-0.067793
-0.0629271
-0.0624665
-0.0628759
-0.0655929
-0.0659052
-0.0623391
-0.0657365
-0.0639246
-0.0658147
-0.0622321
-0.0602047
-0.0624974
-0.0597894
-0.0606594
-0.0608338
-0.0577379
-0.0601618
-0.0612986
-0.0571513
-0.0554405
-0.0584966
-0.0581124
-0.0555432
-0.0583669
-0.054135
-0.0557204
-0.0581307
-0.0571478
-0.0593445
-0.0631098
-0.0570547
-0.0585012
-0.0580538
-0.056472
-0.0547556
-0.0612253
-0.0564028
-0.0567557
-0.0547492
-0.060391
-0.056623
-0.0546959
-0.057888
-0.0556977
-0.05552
-0.0574465
-0.0549839
-0.0560645
-0.0569075
-0.0561993
-0.0545956
-0.055795
-0.0554453
-0.0585797
-0.056676
-0.0570242
-0.0565434
-0.059891
-0.0534738
-0.0545108
-0.0552445
-0.0555947
-0.0574434
-0.0559247
-0.0549803
-0.0542295
-0.0563744
-0.0564297
-0.0559827
-0.0580213
-0.0551893
-0.0562975
-0.0599584
-0.0564476
-0.0511279
-0.0512938
-0.0570903
-0.0536147
-0.0569117
-0.0543187
-0.0593232
-0.0531259
-0.0543583
-0.0521148
-0.0545311
-0.0489022
-0.0522488
-0.05295
-0.049414
-0.0492127
-0.0503263
-0.0506916
-0.0531663
-0.0549866
-0.0548861
-0.0592346
-0.0551707
-0.0527138
-0.0573665
-0.0565409
-0.0568817
-0.0563207
-0.0553061
-0.0565904
-0.0560277
-0.0586073
-0.0593762
-0.0602836
-0.0612756
-0.0564612
-0.060606
-0.0612295
-0.061796
-0.0594182
-0.062128
-0.0640199
-0.0638516
-0.0628438
-0.0643549
-0.0628756
-0.0611151
-0.0670511
-0.0652805
-0.0613082
-0.0646747
-0.0629823
-0.0637514
-0.0680392
-0.0682874
-0.065096
-0.0677111
-0.0675456
-0.0668783
-0.0684459
-0.0668492
-0.069656
-0.0690026
-0.0673564
-0.064798
-0.0691586
-0.0728368
-0.0689959
-0.0711409
-0.0667846
-0.0692624
-0.0678089
-0.0668447
-0.0669031
-0.0659454
-0.0694577
-0.0693917
-0.0617809
-0.0668869
-0.0675508
-0.0624561
-0.0640993
-0.0624281
-0.0666614
-0.0630988
-0.0608021
-0.0585726
-0.062623
-0.0579576
-0.0602381
-0.0608211
-0.0607144
-0.0595081
-0.0607181
-0.0588001
-0.0626629
-0.0613359
-0.0608125
-0.0576907
-0.0584443
-0.0614535
-0.0561046
-0.0568717
-0.0608447
-0.059935
-0.0593202
-0.0574037
-0.0605073
-0.0600623
-0.056938
-0.0555985
-0.0558641
-0.0511725
-0.0553204
-0.055193
-0.0581084
-0.0570465
-0.0540915
-0.0541219
-0.050643
-0.0533567
-0.0566868
-0.0549246
-0.0561577
-0.0527576
-0.0535145
-0.0558146
-0.0564307
-0.0542448
-0.0564755
-0.0540265
-0.0563381
-0.0539844
-0.0557041
-0.053556
-0.0514827
-0.0518806
-0.0536776
-0.0562522
-0.0534313
-0.0488349
-0.056693
-0.0529955
-0.0525466
-0.0594984
-0.0539166
-0.050737
-0.056546
-0.0557898
-0.0542117
-0.0548997
-0.0518408
-0.0545573
-0.0523193
-0.0521874
-0.051592
-0.0539465
-0.0499847
-0.053619
-0.0526166
-0.0560449
-0.0537108
-0.0560905
-0.052719
-0.0531902
-0.0509954
-0.0530677
-0.0478965
-0.050015
-0.0520735
-0.0569605
-0.0514503
-0.0510523
-0.0548292
-0.0515333
-0.0546351
-0.0523216
-0.0531349
-0.0521747
-0.0517104
-0.0551358
-0.0526061
-0.0538376
-0.0557556
-0.0510527
-0.0519261
-0.0555854
-0.0551609
-0.0504094
-0.0543995
-0.0530787
-0.0518094
-0.0517621
-0.0492052
-0.0502812
-0.0528603
-0.0520997
-0.0471542
-0.0501281
-0.0519976
-0.0545579
-0.0561768
-0.0528809
-0.0572306
-0.052968
-0.0520365
-0.055637
-0.0529419
-0.0568617
-0.0572223
-0.0544695
-0.0564631
-0.0555251
-0.0565816
-0.0592072
-0.0581388
-0.0581491
-0.0588504
-0.059245
-0.0581436
-0.0595791
-0.0608102
-0.0614548
-0.0649619
-0.0634254
-0.0613533
-0.0592818
-0.0619598
-0.0593057
-0.0652535
-0.0639171
-0.0622502
-0.0641528
-0.0635127
-0.0629035
-0.0589111
-0.0656411
-0.0652372
-0.0632748
-0.0641673
-0.0635961
-0.0705557
-0.0669074
-0.065469
-0.0644861
-0.0679452
-0.0674444
-0.0651266
-0.0657187
-0.0654977
-0.0627419
-0.0608578
-0.0617555
-0.0655442
-0.0661151
-0.0582911
-0.0638803
-0.0607625
-0.0593235
-0.062132
-0.0572562
-0.0613958
-0.0577101
-0.0613643
-0.0563643
-0.0561104
-0.0601976
-0.0558668
-0.0575943
-0.058507
-0.058452
-0.0586024
-0.0507398
-0.0562599
-0.0550008
-0.0563901
-0.0558445
-0.0581017
-0.0599058
-0.0570619
-0.0570253
-0.0576691
-0.0567359
-0.0555182
-0.0552374
-0.0591317
-0.0534405
-0.0519249
-0.0542995
-0.0533345
-0.0551329
-0.0519134
-0.056418
-0.0489722
-0.0506148
-0.053687
-0.0547268
-0.0520793
-0.0502112
-0.0516846
-0.0531878
-0.0524408
-0.0493983
-0.0553347
-0.0536655
-0.0534294
-0.0549791
-0.051719
-0.0510905
-0.0544057
-0.0530258
-0.0517374
-0.05149
-0.0518403
-0.053632
-0.0529521
-0.0542212
-0.0540638
-0.052943
-0.0539796
-0.0520465
-0.0506785
-0.0504804
-0.0549231
-0.0521477
-0.0520826
-0.049397
-0.0529096
-0.0502909
-0.0512481
-0.0480672
-0.0518007
-0.0504193
-0.0516255
-0.0476965
-0.0506388
-0.0508594
-0.0508079
-0.0502102
-0.0519353
-0.0513647
-0.0493188
-0.0515673
-0.054118
-0.0484459
-0.0475886
-0.0538339
-0.0522018
-0.0493757
-0.0525209
-0.0499116
-0.0502344
-0.0512222
-0.0509614
-0.0537283
-0.0522929
-0.0523652
-0.0534855
-0.0540205
-0.0529253
-0.0526389
-0.0539696
-0.0504947
-0.0508728
-0.0584169
-0.0550598
-0.0542734
-0.0580444
-0.0569148
-0.0530567
-0.0571107
-0.0599799
-0.0553564
-0.0580851
-0.0586554
-0.0578751
-0.054934
-0.059002
-0.0576781
-0.0613574
-0.0602531
-0.0605025
-0.0643823
-0.0628457
-0.0642304
-0.0595417
-0.064229
-0.0619631
-0.0607161
-0.0698598
-0.065101
-0.0658146
-0.0650476
-0.0642306
-0.0712484
-0.0641005
-0.0683487
-0.0673329
-0.0660971
-0.0697428
-0.0655926
-0.0683648
-0.0659519
-0.068277
-0.0690354
-0.0687482
-0.0679013
-0.0682692
-0.0679907
-0.0654995
-0.0692915
-0.0693445
-0.0663138
-0.0674795
-0.0665396
-0.0629236
-0.0689763
-0.0672315
-0.065872
-0.0696399
-0.0693731
-0.0682163
-0.0662217
-0.0648501
-0.0631754
-0.0640901
-0.0636034
-0.0645381
-0.0653529
-0.0680829
-0.0573513
-0.0603865
-0.0620582
-0.0637234
-0.0615692
-0.0577065
-0.0636615
-0.0567084
-0.0593149
-0.0584405
-0.0580791
-0.0594818
-0.0519601
-0.0579069
-0.057644
-0.0570449
-0.0580404
-0.0552316
-0.0526007
-0.0560132
-0.0619596
-0.0582433
-0.0526551
-0.0533325
-0.0548611
-0.0540343
-0.051593
-0.0542705
-0.0558485
-0.0502182
-0.0508157
-0.0558213
-0.0550344
-0.0544978
-0.0541557
-0.0483961
-0.0520793
-0.0496411
-0.0529763
-0.0538305
-0.0532347
-0.0525624
-0.0503873
-0.0510671
-0.0466477
-0.0508008
-0.0548937
-0.0462512
-0.0496209
-0.050082
-0.0527972
-0.0524281
-0.0491677
-0.0480282
-0.052348
-0.0493776
-0.0471016
-0.04974
-0.0491666
-0.047944
-0.0486179
-0.0505059
-0.050749
-0.0534952
-0.0491376
-0.0520968
-0.0530731
-0.0501331
-0.0481131
-0.0472336
-0.0499386
-0.0489798
-0.0476532
-0.0492524
-0.0487283
-0.0516495
-0.0464829
-0.0463899
-0.0511991
-0.04891
-0.0504474
-0.0525176
-0.0506288
-0.0492692
-0.0486991
-0.049187
-0.0478132
-0.0490063
-0.0501627
-0.0477064
-0.0502198
-0.0527671
-0.0484739
-0.0534736
-0.0465236
-0.0508346
-0.0494394
-0.0489793
-0.0503293
-0.0442588
-0.0502838
-0.0480734
-0.0509918
-0.0483447
-0.0493725
-0.0502286
-0.0519947
-0.0484272
-0.0505252
-0.0501917
-0.0471463
-0.0486011
-0.0530444
-0.0514106
-0.0511556
-0.0481927
-0.0490811
-0.0498814
-0.0506254
-0.0524264
-0.0489228
-0.0522514
-0.0556464
-0.0496645
-0.053813
-0.0561357
-0.0532766
-0.0536699
-0.0481301
-0.0549805
-0.0544636
-0.0544759
-0.053135
-0.0566364
-0.0561111
-0.0561826
-0.0566044
-0.0559556
-0.0595295
-0.0549318
-0.0581268
-0.0570207
-0.0587727
-0.0585843
-0.0554508
-0.0579927
-0.0615891
-0.05675
-0.0551904
-0.0586751
-0.0563992
-0.0591806
-0.0602471
-0.0596578
-0.0616131
-0.0597876
-0.0608857
-0.0623969
-0.0613721
-0.0616582
-0.0619882
-0.0593575
-0.060838
-0.0605561
-0.0591949
-0.0629337
-0.0601376
-0.0611155
-0.0597465
-0.0613831
-0.0612028
-0.0590127
-0.0602331
-0.0580977
-0.0577956
-0.0586602
-0.0581037
-0.0626625
-0.0588175
-0.0543114
-0.0579916
-0.0554685
-0.0545424
-0.055934
-0.0544182
-0.0543704
-0.0521691
-0.0555253
-0.0547306
-0.0529087
-0.0537111
-0.0525655
-0.0522397
-0.0509691
-0.0573946
-0.0521527
-0.0482481
-0.0552252
-0.054372
-0.0498195
-0.049073
-0.0499892
-0.053169
-0.050639
-0.054193
-0.0524873
-0.0500003
-0.0511887
-0.0531369
-0.0500502
-0.0495808
-0.0512639
-0.0510715
-0.0508891
-0.0493702
-0.05084
-0.0528756
-0.0518301
-0.0513275
-0.0481936
-0.0512601
-0.0500835
-0.0499443
-0.0496321
-0.0508068
-0.0495733
-0.0473842
-0.0490985
-0.0518724
-0.0491091
-0.0488021
-0.0500334
-0.0500236
-0.0511674
-0.0489228
-0.04697
-0.0516828
-0.0487192
-0.0511558
-0.0489067
-0.0468551
-0.0445465
-0.0453459
-0.0492825
-0.0476149
-0.0498616
-0.0512201
-0.0449352
-0.0461653
-0.048055
-0.0499248
-0.0529896
-0.0466164
-0.0511302
-0.0497182
-0.050626
-0.0513278
-0.0496718
-0.0480878
-0.0457866
-0.0511875
-0.045733
-0.0462526
-0.0481804
-0.0463546
-0.045464
-0.0475009
-0.0492321
-0.0426077
-0.0496055
-0.0483434
-0.0500028
-0.0483054
-0.0465812
-0.0467087
-0.0527751
-0.0479722
-0.0456305
-0.0494877
-0.0463211
-0.0481639
-0.0451131
-0.0483628
-0.047935
-0.0461742
-0.0501059
-0.0480847
-0.0471644
-0.0498717
-0.0449443
-0.0496196
-0.0478528
-0.0482542
-0.0472407
-0.0456857
-0.0502944
-0.0432148
-0.0456947
-0.0458807
-0.0488889
-0.0512354
-0.0455407
-0.0497657
-0.0505373
-0.0517607
-0.048603
-0.0467016
-0.0497474
-0.0480383
-0.0496283
-0.0484072
-0.0494477
-0.0501311
-0.0531748
-0.0516375
-0.0527979
-0.0488998
-0.0514797
-0.0519768
-0.0577522
-0.0554392
-0.0528418
-0.0541994
-0.0559431
-0.0603206
-0.0605385
-0.0568758
-0.0580259
-0.0545979
-0.0555825
-0.0581977
-0.0564617
-0.056107
-0.0591923
-0.0569469
-0.0568646
-0.0555987
-0.0596032
-0.0608087
-0.0579354
-0.0585018
-0.0607417
-0.0605495
-0.0602997
-0.0643482
-0.0639262
-0.0608429
-0.0646249
-0.0630456
-0.0609219
-0.0598294
-0.0618903
-0.061124
-0.0574234
-0.0570101
-0.0586815
-0.061403
-0.0554032
-0.0579568
-0.0606916
-0.0565257
-0.0583716
-0.0593507
-0.0533687
-0.0542598
-0.0575375
-0.0535758
-0.055169
-0.0566419
-0.055529
-0.0566018
-0.0526811
-0.058743
-0.0538106
-0.0558631
-0.0520333
-0.0553143
-0.0556056
-0.0528969
-0.0539202
-0.0542912
-0.0536085
-0.0543562
-0.0542945
-0.0527677
-0.0471483
-0.0524933
-0.0533048
-0.0520095
-0.0570956
-0.0493486
-0.0522302
-0.0529558
-0.0483223
-0.0511601
-0.0505305
-0.0481652
-0.0513141
-0.0490764
-0.0505183
-0.0492447
-0.0481405
-0.0512865
-0.0501302
-0.0493063
-0.0472406
-0.0477199
-0.0487789
-0.0465619
-0.052287
-0.0493928
-0.0503756
-0.0493166
-0.0518253
-0.0498837
-0.0495859
-0.0472753
-0.04552
-0.0499439
-0.0532123
-0.0523602
-0.0457296
-0.0521159
-0.0523334
-0.052579
-0.0499316
-0.0495578
-0.0466934
-0.0494922
-0.0462589
-0.0517505
-0.0519386
-0.0486151
-0.0508359
-0.0487801
-0.0518232
-0.0492382
-0.0500809
-0.0467757
-0.0482876
-0.0500658
-0.0504669
-0.0519624
-0.0526203
-0.0514136
-0.048523
-0.0494066
-0.0478766
-0.0517375
-0.0491942
-0.0495065
-0.0472099
-0.0527957
-0.0468533
-0.0496477
-0.0533829
-0.0479235
-0.0466845
-0.051579
-0.0472647
-0.0481857
-0.0482889
-0.0482328
-0.0461078
-0.0481769
-0.045334
-0.0521316
-0.0539335
-0.0496644
-0.0485006
-0.0448522
-0.0450288
-0.0444929
-0.0483013
-0.0468319
-0.0484828
-0.0443422
-0.0487956
-0.0481058
-0.0528529
-0.0494251
-0.0465865
-0.0485632
-0.0512263
-0.0502513
-0.0524679
-0.0463938
-0.049492
-0.0492692
-0.0527823
-0.0523083
-0.0479216
-0.049006
-0.0521602
-0.0497178
-0.0541556
-0.0530016
-0.0518755
-0.055075
-0.0549478
-0.0500648
-0.053222
-0.0524635
-0.0580399
-0.0591049
-0.0556485
-0.0514272
-0.0542493
-0.0533807
-0.0503487
-0.0538309
-0.0541127
-0.0531338
-0.0570775
-0.0545843
-0.0541853
-0.0527
-0.0577248
-0.0591302
-0.0607137
-0.059036
-0.060037
-0.0590727
-0.0633831
-0.0643528
-0.0638371
-0.0675616
-0.0656996
-0.0654478
-0.0657888
-0.0673073
-0.0679544
-0.0684814
-0.0674954
-0.0661354
-0.0722992
-0.067728
-0.0729655
-0.0691654
-0.0693298
-0.0717661
-0.0702979
-0.0681297
-0.0706255
-0.0707821
-0.0717242
-0.0705097
-0.0727429
-0.0710825
-0.0702354
-0.0678664
-0.0642298
-0.0707024
-0.0708244
-0.071368
-0.0668622
-0.0656271
-0.0697557
-0.0659319
-0.0677366
-0.0685168
-0.0655009
-0.0650685
-0.0650327
-0.0647205
-0.0640475
-0.0661488
-0.0613113
-0.0677962
-0.0601114
-0.0611274
-0.0608274
-0.0580804
-0.0581345
-0.055876
-0.0619325
-0.0628891
-0.0578383
-0.0609021
-0.0587867
-0.0584015
-0.0586805
-0.0624243
-0.0552862
-0.057748
-0.0597962
-0.0596343
-0.0590269
-0.0572772
-0.0585278
-0.0561356
-0.0573334
-0.0604961
-0.0563412
-0.0564352
-0.0561959
-0.0606818
-0.0561863
-0.0532221
-0.0523857
-0.0604356
-0.0552662
-0.0558994
-0.0510428
-0.0535339
-0.0540668
-0.0541925
-0.055209
-0.0507339
-0.0513132
-0.0547611
-0.0538201
-0.0560862
-0.0540143
-0.0573579
-0.0489401
-0.0486537
-0.0537533
-0.0529892
-0.052783
-0.0529082
-0.0508816
-0.0544727
-0.0515664
-0.050077
-0.0543961
-0.057791
-0.0497849
-0.048298
-0.0526629
-0.0491126
-0.0515938
-0.0500292
-0.0550234
-0.0519246
-0.0500916
-0.0523056
-0.0537505
-0.0522148
-0.0561083
-0.053363
-0.0479493
-0.054477
-0.0524923
-0.0574237
-0.0494021
-0.052334
-0.0534452
-0.0549394
-0.054569
-0.0532929
-0.0527212
-0.0512104
-0.052105
-0.0523501
-0.0500799
-0.0550666
-0.0553125
-0.0523161
-0.0560767
-0.0538716
-0.0548036
-0.0506316
-0.0512321
-0.0530208
-0.0518869
-0.0508629
-0.0485577
-0.0525728
-0.0549935
-0.052654
-0.0498689
-0.0508028
-0.05401
-0.0554302
-0.0516443
-0.0534025
-0.0540182
-0.0482274
-0.0523691
-0.0523997
-0.0484549
-0.0485494
-0.0522669
-0.0502502
-0.0503695
-0.0519985
-0.0529903
-0.0510377
-0.0498957
-0.051936
-0.0486286
-0.0505206
-0.0495314
-0.050126
-0.0515412
-0.0521958
-0.0517304
-0.0539594
-0.0560175
-0.0581564
-0.0520075
-0.0506309
-0.0506402
-0.0527453
-0.0517224
-0.0557456
-0.0546008
-0.0554022
-0.05613
-0.0556077
-0.0527784
-0.0561361
-0.0544159
-0.054518
-0.0525223
-0.0554107
-0.0587853
-0.0540845
-0.050974
-0.0540443
-0.0521925
-0.0568303
-0.0532881
-0.055629
-0.0560728
-0.0571244
-0.0533631
-0.0556281
-0.0552876
-0.0584432
-0.0573069
-0.0608401
-0.0610568
-0.0587696
-0.057907
-0.0595674
-0.0635765
-0.0631325
-0.0622675
-0.060725
-0.0596924
-0.0603197
-0.0625168
-0.0637361
-0.0626522
-0.0626765
-0.0642262
-0.062269
-0.0653134
-0.0650553
-0.0582347
-0.0618042
-0.0642431
-0.0633456
-0.0607762
-0.0647249
-0.0677287
-0.0631583
-0.0636428
-0.0654621
-0.067479
-0.0622836
-0.0635069
-0.0676965
-0.0644575
-0.0669976
-0.0658406
-0.0662961
-0.0644959
-0.0641418
-0.0634348
-0.0629781
-0.0668054
-0.0637081
-0.0628592
-0.065564
-0.0653264
-0.0623303
-0.0611452
-0.0647636
-0.0586519
-0.062066
-0.0574176
-0.0595825
-0.0621425
-0.0640415
-0.0591042
-0.0583479
-0.0625338
-0.0602102
-0.057374
-0.0577469
-0.0572137
-0.0597557
-0.0629818
-0.0598624
-0.0596455
-0.0580636
-0.0617885
-0.0599054
-0.0606303
-0.0611028
-0.0599321
-0.0594213
-0.0593883
-0.0549085
-0.0556405
-0.0617655
-0.0587728
-0.0572319
-0.0594825
-0.0605285
-0.0618111
-0.0603676
-0.0545952
-0.0572939
-0.0576331
-0.0558603
-0.0538216
-0.0571656
-0.0504051
-0.0582711
-0.0567049
-0.0549313
-0.0532265
-0.054591
-0.050534
-0.0507764
-0.05924
-0.0560392
-0.0536625
-0.0568092
-0.0518089
-0.0536676
-0.0560755
-0.0476075
-0.0486913
-0.0537849
-0.053232
-0.0533867
-0.0543635
-0.0548391
-0.0509063
-0.0578723
-0.0542411
-0.0524964
-0.0526323
-0.0540401
-0.0579797
-0.0524621
-0.0545234
-0.0540522
-0.04974
-0.0542943
-0.0521124
-0.0506813
-0.0549477
-0.0521424
-0.0498406
-0.0521235
-0.0506371
-0.0516043
-0.0512146
-0.056178
-0.0521356
-0.0469091
-0.0527349
-0.0483211
-0.053985
-0.0493927
-0.0499923
-0.0497217
-0.0529819
-0.0496057
-0.0534676
-0.0493173
-0.0527915
-0.0523032
-0.0551817
-0.0509179
-0.0551113
-0.0523083
-0.0508226
-0.0511953
-0.0501728
-0.0525166
-0.0523322
-0.0530676
-0.0530357
-0.0531599
-0.0471326
-0.0493269
-0.0510077
-0.0506298
-0.0492356
-0.0559793
-0.0499971
-0.0556969
-0.0516444
-0.0525867
-0.052911
-0.054343
-0.0565736
-0.05448
-0.0525048
-0.0557318
-0.0574929
-0.0530131
-0.0539144
-0.0515621
-0.056716
-0.0580787
-0.0521289
-0.0566032
-0.0581702
-0.0594515
-0.057413
-0.0586769
-0.0575145
-0.0571126
-0.0600881
-0.0563886
-0.0596971
-0.0590984
-0.0588053
-0.0580847
-0.0580327
-0.0584214
-0.0551507
-0.0626072
-0.0590133
-0.0601593
-0.0609135
-0.059794
-0.061106
-0.0640235
-0.0651265
-0.0601615
-0.0608026
-0.0602602
-0.0597792
-0.0604892
-0.0613087
-0.0630268
-0.0600735
-0.0601118
-0.0586086
-0.0602373
-0.059251
-0.0622028
-0.061365
-0.0651617
-0.0601556
-0.0643319
-0.0608929
-0.060386
-0.0588221
-0.0584959
-0.0596837
-0.0592806
-0.0582118
-0.0568659
-0.0570125
-0.0544567
-0.0552054
-0.0569389
-0.0562587
-0.0544463
-0.05934
-0.0555162
-0.0585174
-0.0580893
-0.0546792
-0.0540932
-0.0589302
-0.058859
-0.0547139
-0.0562195
-0.0544111
-0.0551676
-0.0622568
-0.057189
-0.0615134
-0.0539145
-0.0590537
-0.0549909
-0.0564835
-0.0547464
-0.0595966
-0.0583946
-0.057397
-0.0546681
-0.0541915
-0.0540389
-0.053016
-0.05415
-0.0553971
-0.0559223
-0.0537152
-0.0560504
-0.0566879
-0.0519122
-0.0574805
-0.0539937
-0.0547903
-0.0520967
-0.0557068
-0.049859
-0.0553156
-0.0544223
-0.0556331
-0.0540183
-0.0519957
-0.0512567
-0.049493
-0.0536138
-0.0520048
-0.0557628
-0.0548264
-0.0543419
-0.0533033
-0.0554901
-0.0528234
-0.0564983
-0.0555974
-0.0554929
-0.0560044
-0.0529591
-0.0507042
-0.0524659
-0.0512032
-0.051277
-0.0488705
-0.0544714
-0.050013
-0.0489788
-0.0519779
-0.0473625
-0.05333
-0.0493223
-0.0480665
-0.0491885
-0.0527452
-0.0529135
-0.0527234
-0.0539495
-0.0553586
-0.0511472
-0.0536044
-0.051061
-0.0534702
-0.050683
-0.054707
-0.052879
-0.0521369
-0.0509772
-0.0524489
-0.0507711
-0.0499733
-0.0492511
-0.0568086
-0.0522732
-0.0596116
-0.0629775
-0.0721634
-0.0753024
-0.0858955
-0.088577
-0.0915235
-0.0892408
-0.0913016
-0.0907527
-0.0849834
-0.0860432
-0.084012
-0.0875491
-0.0822618
-0.0819719
-0.0820628
-0.079731
-0.0782642
-0.0817054
-0.0807939
-0.0883061
-0.0837168
-0.0843023
-0.0814075
-0.0844759
-0.0818386
-0.0840861
-0.0788193
-0.0818966
-0.0787514
-0.0827254
-0.077511
-0.0789206
-0.080663
-0.0823427
-0.0745848
-0.0727117
-0.0711782
-0.0701662
-0.0634336
-0.0658452
-0.0624796
-0.0648726
-0.0644657
-0.0603505
-0.0620775
-0.055447
-0.0600022
-0.0586079
-0.0528926
-0.0526772
-0.0514839
-0.0515611
-0.0570484
-0.0548403
-0.0518025
-0.0556219
-0.0583685
-0.0517312
-0.0561007
-0.0554676
-0.0554096
-0.0601459
-0.0659971
-0.0663905
-0.0632219
-0.0636966
-0.0613557
-0.0631375
-0.0626421
-0.065909
-0.0626539
-0.0590509
-0.0627932
-0.0651147
-0.066653
-0.0684931
-0.0615129
-0.0664272
-0.0639482
-0.0642548
-0.0622983
-0.0589175
-0.057989
-0.0553326
-0.0556679
-0.0538135
-0.0549329
-0.0571537
-0.0637729
-0.0639206
-0.0625038
-0.0657733
-0.0722627
-0.0696401
-0.076646
-0.0781374
-0.080272
-0.0804164
-0.0851453
-0.0851507
-0.0859672
-0.0872404
-0.0917393
-0.0922114
-0.0921617
-0.093667
-0.095742
-0.0989301
-0.0961061
-0.0965947
-0.0950644
-0.0994873
-0.0997377
-0.0908332
-0.0954031
-0.0958993
-0.0967177
-0.0950155
-0.0956665
-0.0962261
-0.0889192
-0.0923812
-0.0911373
-0.0921278
-0.0916156
-0.0928526
-0.0910543
-0.0930605
-0.0907007
-0.0919398
-0.0922509
-0.0899796
-0.0907078
-0.0939296
-0.0871439
-0.0886981
-0.0913186
-0.0901842
-0.0885702
-0.0853241
-0.0861929
-0.0891978
-0.0856274
-0.0870934
-0.0812395
-0.0807523
-0.0757377
-0.0633047
-0.0586615
-0.0609384
-0.0537216
-0.0513971
-0.0581098
-0.0621634
-0.0594553
-0.0624122
-0.0675961
-0.0706097
-0.0754062
-0.079851
-0.0879506
-0.0867533
-0.0853857
-0.0919002
-0.089646
-0.0946929
-0.0920197
-0.0879767
-0.0888474
-0.0808743
-0.0758274
-0.0768026
-0.0718324
-0.070882
-0.0726997
-0.0703409
-0.0718776
-0.0730977
-0.0684932
-0.0667035
-0.0697403
-0.0682521
-0.0664354
-0.0615964
-0.0677113
-0.0642349
-0.0655343
-0.0655532
-0.0632525
-0.0637468
-0.0611073
-0.0613179
-0.0659216
-0.0652557
-0.0657678
-0.0620651
-0.0607481
-0.0624154
-0.0640102
-0.0590373
-0.0615006
-0.0613373
-0.0627488
-0.0646518
-0.0620695
-0.0579287
-0.0640452
-0.0615229
-0.0624544
-0.0598344
-0.0666678
-0.0709677
-0.0684698
-0.0694136
-0.0719955
-0.0670924
-0.0674295
-0.0755713
-0.0723268
-0.0721997
-0.0695157
-0.0724646
-0.074033
-0.075843
-0.0762063
-0.0698766
-0.0763323
-0.0779287
-0.0792424
-0.079225
-0.0772837
-0.0753158
-0.0795763
-0.082759
-0.0782517
-0.0788316
-0.0749773
-0.08451
-0.0840372
-0.0858685
-0.0786438
-0.0780112
-0.0771167
-0.0772367
-0.0726056
-0.0767629
-0.074862
-0.0708793
-0.0670181
-0.0623252
-0.061023
-0.0577703
-0.0498223
-0.0433279
-0.0401986
-0.0393306
-0.0318954
-0.0381237
-0.031024
-0.0285044
-0.03301
-0.0325499
-0.0373931
-0.0399886
-0.0460134
-0.0600074
-0.0705137
-0.0734081
-0.0791881
-0.075472
-0.0766236
-0.0733005
-0.0678764
-0.0656556
-0.0620157
-0.0621453
-0.0535564
-0.0532622
-0.0540237
-0.0526788
-0.0481573
-0.0539771
-0.0497251
-0.0488472
-0.0494069
-0.0512405
-0.0496187
-0.046853
-0.0462353
-0.0451028
-0.0456621
-0.0474786
-0.0417783
-0.0435769
-0.0447865
-0.0463791
-0.0437656
-0.0433207
-0.0459532
-0.0450871
-0.0481645
-0.0443419
-0.0473951
-0.0482535
-0.0448745
-0.0409051
-0.0472748
-0.0480353
-0.0456607
-0.0466103
-0.0478111
-0.0472111
-0.0474263
-0.0468627
-0.0475625
-0.0509205
-0.0476168
-0.0482802
-0.0448692
-0.048626
-0.0439814
-0.0471975
-0.0425478
-0.0468541
-0.0480926
-0.0468592
-0.0511663
-0.0456167
-0.0476622
-0.0451245
-0.0468529
-0.0475342
-0.0422167
-0.0430088
-0.0429192
-0.0374127
-0.0369393
-0.0351906
-0.0315168
-0.0314647
-0.0344569
-0.0306249
-0.0337341
-0.03533
-0.0315902
-0.0353076
-0.0362536
-0.0365611
-0.0298629
-0.0348257
-0.0288894
-0.0315556
-0.0378868
-0.0367069
-0.0412256
-0.0377686
-0.0370911
-0.0425855
-0.0415598
-0.0449656
-0.0431233
-0.0409149
-0.048494
-0.0456667
-0.0471919
-0.0481727
-0.0516629
-0.051434
-0.0529341
-0.0530202
-0.0524109
-0.0555059
-0.0566166
-0.0565453
-0.05417
-0.0589931
-0.0566048
-0.0554373
-0.060882
-0.0608267
-0.0627834
-0.059171
-0.0569171
-0.0600327
-0.057654
-0.0561117
-0.061311
-0.0576951
-0.0621486
-0.0576173
-0.0595727
-0.0625934
-0.0604554
